{
 "cells": [
  {
   "cell_type": "code",
   "id": "initial_id",
   "metadata": {
    "collapsed": true,
    "ExecuteTime": {
     "end_time": "2026-01-27T22:22:35.863213Z",
     "start_time": "2026-01-27T22:22:35.858266Z"
    }
   },
   "source": [
    "# Code for Question 4C\n",
    "\n",
    "import numpy as np\n",
    "\n",
    "matrices = [np.random.randint(-10, 11, size=(3, 3)) for _ in range(3)]\n",
    "\n",
    "for i, A in enumerate(matrices, start=1):\n",
    "    print(f\"\\nMatrix A{i}:\")\n",
    "    print(A)\n",
    "\n",
    "    try:\n",
    "        A_inv = np.linalg.inv(A)\n",
    "        print(f\"\\nInverse of A{i}:\")\n",
    "        print(A_inv)\n",
    "\n",
    "        print(f\"Product:\")\n",
    "        print(np.round(A @ A_inv, 6))\n",
    "\n",
    "    except np.linalg.LinAlgError:\n",
    "        print(f\"\\nMatrix A{i} is not invertible.\")"
   ],
   "outputs": [
    {
     "name": "stdout",
     "output_type": "stream",
     "text": [
      "\n",
      "Matrix A1:\n",
      "[[ 8 -2  3]\n",
      " [-9  5 -1]\n",
      " [ 7  6  3]]\n",
      "\n",
      "Inverse of A1:\n",
      "[[-0.15107914 -0.17266187  0.09352518]\n",
      " [-0.14388489 -0.02158273  0.13669065]\n",
      " [ 0.64028777  0.44604317 -0.15827338]]\n",
      "Product:\n",
      "[[ 1. -0. -0.]\n",
      " [-0.  1.  0.]\n",
      " [ 0. -0.  1.]]\n",
      "\n",
      "Matrix A2:\n",
      "[[-9  7  4]\n",
      " [-7  7 -6]\n",
      " [-8 -9 10]]\n",
      "\n",
      "Inverse of A2:\n",
      "[[ 0.01381693 -0.09153713 -0.06044905]\n",
      " [ 0.10189983 -0.05008636 -0.07081174]\n",
      " [ 0.10276339 -0.11830743 -0.01208981]]\n",
      "Product:\n",
      "[[1. 0. 0.]\n",
      " [0. 1. 0.]\n",
      " [0. 0. 1.]]\n",
      "\n",
      "Matrix A3:\n",
      "[[ -6   5  -1]\n",
      " [-10 -10  -5]\n",
      " [ -8  -6  -1]]\n",
      "\n",
      "Inverse of A3:\n",
      "[[-0.06896552  0.03793103 -0.12068966]\n",
      " [ 0.10344828 -0.00689655 -0.06896552]\n",
      " [-0.06896552 -0.26206897  0.37931034]]\n",
      "Product:\n",
      "[[ 1.  0. -0.]\n",
      " [ 0.  1.  0.]\n",
      " [ 0. -0.  1.]]\n"
     ]
    }
   ],
   "execution_count": 4
  }
 ],
 "metadata": {
  "kernelspec": {
   "display_name": "Python 3",
   "language": "python",
   "name": "python3"
  },
  "language_info": {
   "codemirror_mode": {
    "name": "ipython",
    "version": 2
   },
   "file_extension": ".py",
   "mimetype": "text/x-python",
   "name": "python",
   "nbconvert_exporter": "python",
   "pygments_lexer": "ipython2",
   "version": "2.7.6"
  }
 },
 "nbformat": 4,
 "nbformat_minor": 5
}
