{
 "cells": [
  {
   "cell_type": "code",
   "id": "initial_id",
   "metadata": {
    "collapsed": true,
    "ExecuteTime": {
     "end_time": "2026-01-27T22:22:35.863213Z",
     "start_time": "2026-01-27T22:22:35.858266Z"
    }
   },
   "source": [
    "# Code for Question 4C\n",
    "\n",
    "import numpy as np\n",
    "\n",
    "matrices = [np.random.randint(-10, 11, size=(3, 3)) for _ in range(3)]\n",
    "\n",
    "for i, A in enumerate(matrices, start=1):\n",
    "    print(f\"\\nMatrix A{i}:\")\n",
    "    print(A)\n",
    "\n",
    "    try:\n",
    "        A_inv = np.linalg.inv(A)\n",
    "        print(f\"\\nInverse of A{i}:\")\n",
    "        print(A_inv)\n",
    "\n",
    "        print(f\"Product:\")\n",
    "        print(np.round(A @ A_inv, 6))\n",
    "\n",
    "    except np.linalg.LinAlgError:\n",
    "        print(f\"\\nMatrix A{i} is not invertible.\")"
   ],
   "outputs": [
    {
     "name": "stdout",
     "output_type": "stream",
     "text": [
      "\n",
      "Matrix A1:\n",
      "[[ 8 -2  3]\n",
      " [-9  5 -1]\n",
      " [ 7  6  3]]\n",
      "\n",
      "Inverse of A1:\n",
      "[[-0.15107914 -0.17266187  0.09352518]\n",
      " [-0.14388489 -0.02158273  0.13669065]\n",
      " [ 0.64028777  0.44604317 -0.15827338]]\n",
      "Product:\n",
      "[[ 1. -0. -0.]\n",
      " [-0.  1.  0.]\n",
      " [ 0. -0.  1.]]\n",
      "\n",
      "Matrix A2:\n",
      "[[-9  7  4]\n",
      " [-7  7 -6]\n",
      " [-8 -9 10]]\n",
      "\n",
      "Inverse of A2:\n",
      "[[ 0.01381693 -0.09153713 -0.06044905]\n",
      " [ 0.10189983 -0.05008636 -0.07081174]\n",
      " [ 0.10276339 -0.11830743 -0.01208981]]\n",
      "Product:\n",
      "[[1. 0. 0.]\n",
      " [0. 1. 0.]\n",
      " [0. 0. 1.]]\n",
      "\n",
      "Matrix A3:\n",
      "[[ -6   5  -1]\n",
      " [-10 -10  -5]\n",
      " [ -8  -6  -1]]\n",
      "\n",
      "Inverse of A3:\n",
      "[[-0.06896552  0.03793103 -0.12068966]\n",
      " [ 0.10344828 -0.00689655 -0.06896552]\n",
      " [-0.06896552 -0.26206897  0.37931034]]\n",
      "Product:\n",
      "[[ 1.  0. -0.]\n",
      " [ 0.  1.  0.]\n",
      " [ 0. -0.  1.]]\n"
     ]
    }
   ],
   "execution_count": 4
  },
  {
   "metadata": {
    "ExecuteTime": {
     "end_time": "2026-01-27T22:50:16.887721Z",
     "start_time": "2026-01-27T22:50:16.862748Z"
    }
   },
   "cell_type": "code",
   "source": [
    "# Setup for Problem-5\n",
    "import pandas as pd\n",
    "\n",
    "df = pd.read_csv(\"kc_house_data.csv\")\n",
    "df = df.drop(columns=[\"id\", \"date\", \"zipcode\"])\n",
    "\n",
    "# Separating both variables\n",
    "y = df[\"price\"]\n",
    "X = df.drop(columns=[\"price\"])"
   ],
   "id": "466fd4b6438c7e2",
   "outputs": [],
   "execution_count": 7
  },
  {
   "metadata": {
    "ExecuteTime": {
     "end_time": "2026-01-27T22:50:18.221879Z",
     "start_time": "2026-01-27T22:50:18.212599Z"
    }
   },
   "cell_type": "code",
   "source": [
    "statistics = pd.DataFrame({\n",
    "    \"mean\": X.mean(),\n",
    "    \"min\": X.min(),\n",
    "    \"max\": X.max(),\n",
    "    \"variance\": X.var(),\n",
    "})\n",
    "print(statistics)"
   ],
   "id": "ea271f66df01451c",
   "outputs": [
    {
     "name": "stdout",
     "output_type": "stream",
     "text": [
      "                       mean        min           max      variance\n",
      "bedrooms           3.370842     0.0000  3.300000e+01  8.650150e-01\n",
      "bathrooms          2.114757     0.0000  8.000000e+00  5.931513e-01\n",
      "sqft_living     2079.899736   290.0000  1.354000e+04  8.435337e+05\n",
      "sqft_lot       15106.967566   520.0000  1.651359e+06  1.715659e+09\n",
      "floors             1.494309     1.0000  3.500000e+00  2.915880e-01\n",
      "waterfront         0.007542     0.0000  1.000000e+00  7.485226e-03\n",
      "view               0.234303     0.0000  4.000000e+00  5.872426e-01\n",
      "condition          3.409430     1.0000  5.000000e+00  4.234665e-01\n",
      "grade              7.656873     1.0000  1.300000e+01  1.381703e+00\n",
      "sqft_above      1788.390691   290.0000  9.410000e+03  6.857347e+05\n",
      "sqft_basement    291.509045     0.0000  4.820000e+03  1.958727e+05\n",
      "yr_built        1971.005136  1900.0000  2.015000e+03  8.627973e+02\n",
      "yr_renovated      84.402258     0.0000  2.015000e+03  1.613462e+05\n",
      "lat               47.560053    47.1559  4.777760e+01  1.919990e-02\n",
      "long            -122.213896  -122.5190 -1.213150e+02  1.983262e-02\n",
      "sqft_living15   1986.552492   399.0000  6.210000e+03  4.697612e+05\n",
      "sqft_lot15     12768.455652   651.0000  8.712000e+05  7.455182e+08\n"
     ]
    }
   ],
   "execution_count": 8
  },
  {
   "metadata": {
    "ExecuteTime": {
     "end_time": "2026-01-27T23:35:21.633870Z",
     "start_time": "2026-01-27T23:35:21.629766Z"
    }
   },
   "cell_type": "code",
   "source": [
    "lowest_avg = statistics[\"variance\"].idxmin(), statistics[\"variance\"].min()\n",
    "highest_avg = statistics[\"variance\"].idxmax(), statistics[\"variance\"].max()\n",
    "\n",
    "print(\"Lowest average:\", lowest_avg)\n",
    "print(\"Highest average:\", highest_avg)"
   ],
   "id": "5eeb9a1190f45c35",
   "outputs": [
    {
     "name": "stdout",
     "output_type": "stream",
     "text": [
      "Lowest average: ('waterfront', np.float64(0.007485225502686407))\n",
      "Highest average: ('sqft_lot', np.float64(1715658774.1754704))\n"
     ]
    }
   ],
   "execution_count": 12
  },
  {
   "metadata": {
    "ExecuteTime": {
     "end_time": "2026-01-27T23:40:06.297383Z",
     "start_time": "2026-01-27T23:40:06.281572Z"
    }
   },
   "cell_type": "code",
   "source": [
    "correlations = X.corrwith(y).sort_values(ascending=False)\n",
    "\n",
    "corr_table = pd.DataFrame({\n",
    "    \"Feature\": correlations.index,\n",
    "    \"Correlation with Price\": correlations.values\n",
    "})\n",
    "\n",
    "print(corr_table)"
   ],
   "id": "9b6d55451999fc43",
   "outputs": [
    {
     "name": "stdout",
     "output_type": "stream",
     "text": [
      "          Feature  Correlation with Price\n",
      "0     sqft_living                0.702035\n",
      "1           grade                0.667434\n",
      "2      sqft_above                0.605567\n",
      "3   sqft_living15                0.585379\n",
      "4       bathrooms                0.525138\n",
      "5            view                0.397293\n",
      "6   sqft_basement                0.323816\n",
      "7        bedrooms                0.308350\n",
      "8             lat                0.307003\n",
      "9      waterfront                0.266369\n",
      "10         floors                0.256794\n",
      "11   yr_renovated                0.126434\n",
      "12       sqft_lot                0.089661\n",
      "13     sqft_lot15                0.082447\n",
      "14       yr_built                0.054012\n",
      "15      condition                0.036362\n",
      "16           long                0.021626\n"
     ]
    }
   ],
   "execution_count": 16
  }
 ],
 "metadata": {
  "kernelspec": {
   "display_name": "Python 3",
   "language": "python",
   "name": "python3"
  },
  "language_info": {
   "codemirror_mode": {
    "name": "ipython",
    "version": 2
   },
   "file_extension": ".py",
   "mimetype": "text/x-python",
   "name": "python",
   "nbconvert_exporter": "python",
   "pygments_lexer": "ipython2",
   "version": "2.7.6"
  }
 },
 "nbformat": 4,
 "nbformat_minor": 5
}
